proj:       0
zone:       0
north:      4922106
south:      4823076
east:       -11689267
west:       -11787697
cols:       3281
rows:       3301
e-w resol:  30
n-s resol:  30
top:        1.000000000000000
bottom:     0.000000000000000
cols3:      3281
rows3:      3301
depths:     1
e-w resol3: 30
n-s resol3: 30
t-b resol:  1
